327	250	-142
327	250	-144
327	250	-144
325	252	-144
325	252	-144
327	251	-146
327	251	-146
329	251	-142
326	251	-145
326	251	-145
327	251	-145
326	250	-144
327	251	-142
327	251	-142
326	251	-144
326	251	-144
326	251	-144
327	250	-142
327	250	-142
326	250	-144
326	250	-144
326	250	-144
328	251	-145
327	250	-143
327	250	-143
327	251	-145
327	251	-145
327	251	-145
326	251	-145
326	252	-144
327	250	-147
327	250	-147
327	250	-147
327	252	-145
327	252	-145
326	250	-142
326	250	-142
326	250	-142
327	251	-144
327	251	-144
326	252	-146
326	252	-146
326	252	-146
326	250	-144
326	250	-144
326	249	-146
327	250	-146
326	252	-146
326	252	-146
326	252	-146
327	252	-146
327	252	-146
327	252	-146
326	251	-146
326	251	-146
326	251	-146
327	250	-145
327	250	-145
326	251	-144
327	249	-146
327	249	-146
327	246	-148
327	246	-148
327	246	-148
328	240	-147
328	240	-147
328	240	-147
330	240	-145
330	240	-145
326	241	-149
327	242	-146
327	242	-146
327	241	-147
327	241	-147
328	242	-145
327	240	-148
327	240	-148
327	240	-148
327	241	-150
326	242	-149
327	242	-148
327	242	-148
326	241	-148
327	241	-143
327	241	-143
327	241	-143
328	241	-146
327	241	-146
327	241	-146
326	242	-148
326	242	-148
326	242	-148
328	241	-146
328	241	-146
328	240	-147
328	240	-147
328	240	-147
329	241	-145
329	241	-145
330	240	-143
328	240	-147
328	240	-147
329	241	-147
329	242	-148
329	242	-148
329	242	-148
330	241	-147
330	241	-147
330	241	-147
329	241	-147
329	241	-147
329	240	-146
329	240	-144
329	240	-147
329	240	-147
330	240	-147
330	240	-147
330	240	-147
329	241	-144
329	241	-144
329	241	-144
328	240	-145
328	240	-145
330	241	-145
330	241	-145
328	241	-145
328	241	-145
328	241	-145
329	241	-145
329	241	-145
329	242	-146
329	239	-141
329	240	-147
329	240	-147
329	240	-147
329	240	-144
329	240	-144
329	240	-143
329	240	-143
329	240	-143
329	240	-144
329	240	-144
327	242	-141
327	242	-141
328	242	-143
328	242	-143
328	242	-143
325	247	-141
323	250	-145
323	250	-145
321	255	-142
318	259	-145
318	259	-145
318	259	-145
317	261	-146
317	261	-146
315	264	-145
315	264	-145
315	264	-145
310	267	-146
310	267	-146
310	268	-143
310	268	-143
309	271	-143
309	271	-143
303	279	-143
302	282	-141
300	282	-138
297	283	-139
297	283	-139
297	283	-139
294	287	-141
293	288	-141
293	288	-141
287	292	-142
287	292	-142
279	293	-142
279	293	-142
279	293	-142
276	292	-144
276	292	-144
273	292	-145
273	292	-145
273	292	-145
272	290	-145
272	290	-145
267	294	-143
267	294	-143
262	296	-140
262	296	-140
262	295	-143
262	295	-143
262	295	-143
257	299	-140
257	299	-140
249	308	-137
249	308	-137
247	310	-136
247	310	-136
243	311	-137
243	311	-137
241	312	-135
241	312	-135
241	312	-133
238	312	-135
237	313	-131
237	313	-131
237	313	-131
236	312	-135
237	314	-134
237	314	-134
237	314	-134
236	313	-133
236	313	-133
235	314	-134
235	314	-134
235	313	-132
235	313	-132
234	311	-134
234	311	-134
234	311	-134
236	311	-132
234	313	-131
234	313	-131
234	313	-133
234	313	-133
236	312	-135
236	312	-135
236	312	-135
236	312	-135
236	312	-135
236	312	-135
236	312	-135
238	311	-131
238	311	-131
238	311	-131
238	311	-131
238	311	-131
238	311	-131
238	312	-132
238	312	-132
238	312	-132
238	312	-132
242	310	-132
247	310	-129
250	307	-133
255	305	-132
255	305	-132
259	303	-131
259	303	-131
259	303	-131
263	300	-133
263	300	-133
273	295	-131
273	295	-131
279	293	-133
279	293	-133
288	289	-130
288	289	-130
297	283	-130
297	283	-130
303	280	-133
303	278	-133
303	278	-133
312	272	-131
315	273	-133
315	273	-133
319	267	-129
319	267	-129
324	264	-133
324	264	-133
329	261	-131
329	261	-131
329	261	-131
336	255	-131
336	255	-131
344	249	-131
344	249	-131
344	246	-134
346	247	-131
348	243	-131
348	243	-131
355	237	-132
359	234	-129
364	228	-131
367	227	-131
367	227	-131
383	207	-129
386	203	-129
386	203	-129
394	192	-129
394	192	-129
399	186	-127
400	183	-128
405	177	-128
405	177	-128
405	177	-128
413	162	-125
413	162	-125
427	136	-125
427	136	-125
429	132	-123
429	132	-123
434	118	-125
434	118	-125
442	92	-123
442	92	-123
448	73	-120
449	62	-122
452	53	-118
451	48	-119
453	42	-118
453	35	-120
453	31	-115
453	31	-115
453	31	-115
454	19	-115
453	15	-118
455	12	-113
454	8	-116
454	8	-116
454	8	-116
454	5	-117
454	5	-117
454	1	-115
454	1	-115
452	0	-117
456	-3	-112
456	-3	-112
452	-6	-115
452	-6	-115
453	-10	-114
453	-17	-115
451	-23	-114
451	-23	-114
453	-32	-112
453	-32	-112
450	-41	-113
450	-41	-113
445	-63	-111
445	-70	-111
445	-70	-111
440	-91	-111
432	-111	-111
432	-111	-111
426	-120	-112
426	-120	-112
422	-134	-112
422	-134	-112
415	-149	-110
413	-153	-109
413	-153	-109
409	-159	-112
409	-159	-112
404	-168	-109
404	-168	-109
400	-177	-110
400	-177	-110
392	-188	-109
392	-188	-109
386	-198	-108
386	-198	-108
377	-207	-106
377	-207	-106
369	-218	-107
369	-218	-107
360	-226	-108
360	-226	-108
351	-239	-111
351	-239	-111
340	-247	-109
333	-250	-111
333	-250	-111
326	-258	-111
326	-258	-111
317	-265	-109
317	-265	-109
307	-273	-110
302	-274	-109
302	-274	-109
295	-278	-112
289	-281	-113
289	-281	-113
289	-281	-113
285	-284	-108
280	-288	-112
280	-288	-112
275	-290	-113
275	-290	-113
267	-295	-111
267	-295	-111
261	-296	-113
261	-296	-113
258	-298	-114
258	-298	-111
254	-299	-114
252	-301	-113
252	-301	-113
248	-302	-112
248	-302	-112
243	-305	-112
243	-305	-112
235	-307	-114
235	-307	-114
221	-309	-118
218	-311	-117
218	-311	-117
207	-314	-118
202	-314	-116
202	-314	-116
195	-314	-119
195	-314	-119
191	-315	-119
191	-315	-119
188	-314	-121
188	-315	-120
186	-315	-121
184	-314	-122
184	-314	-122
185	-316	-120
180	-315	-123
178	-317	-123
175	-316	-122
176	-316	-122
176	-316	-122
174	-319	-123
174	-319	-123
176	-319	-121
176	-319	-121
174	-320	-123
165	-322	-121
164	-321	-124
160	-321	-125
151	-322	-126
151	-322	-126
144	-322	-127
144	-322	-127
132	-321	-126
123	-321	-129
113	-318	-130
104	-318	-128
94	-314	-132
89	-314	-132
86	-312	-131
72	-309	-131
59	-302	-130
59	-302	-130
51	-299	-132
51	-299	-132
37	-292	-130
22	-284	-127
16	-280	-131
16	-280	-131
9	-277	-129
3	-273	-128
3	-273	-128
-10	-265	-127
-18	-259	-123
-18	-259	-123
-29	-249	-122
-29	-249	-122
-42	-239	-119
-54	-231	-117
-56	-229	-114
-58	-228	-113
-62	-225	-115
-75	-213	-111
-76	-211	-107
-81	-207	-108
-88	-202	-106
-88	-202	-106
-105	-185	-96
-108	-181	-93
-119	-170	-91
-119	-170	-91
-126	-161	-88
-126	-161	-88
-133	-151	-87
-137	-147	-88
-137	-147	-88
-139	-142	-86
-145	-135	-88
-148	-128	-85
-148	-128	-85
-154	-121	-85
-154	-121	-85
-158	-113	-84
-158	-113	-84
-160	-107	-82
-162	-106	-84
-162	-105	-83
-162	-105	-83
-162	-105	-84
-162	-105	-84
-163	-102	-83
-163	-102	-83
-165	-98	-84
-165	-98	-84
-166	-100	-83
-166	-100	-83
-164	-100	-84
-166	-100	-82
-166	-100	-82
-163	-100	-82
-163	-100	-82
-164	-99	-84
-165	-100	-84
-165	-100	-82
-165	-99	-82
-164	-99	-82
-164	-99	-82
-164	-100	-82
-164	-100	-82
-166	-99	-83
-166	-99	-83
-166	-99	-83
-165	-100	-82
-166	-97	-83
-166	-97	-83
-173	-79	-78
-176	-75	-80
-176	-75	-80
-178	-63	-79
-178	-63	-79
-180	-57	-78
-180	-57	-78
-182	-51	-80
-183	-44	-79
-182	-42	-79
-182	-42	-79
-184	-42	-79
-184	-42	-79
-184	-42	-79
-184	-42	-79
-184	-35	-80
-184	-35	-80
-184	-35	-80
-184	-35	-80
-188	-20	-78
-188	-20	-78
-188	-20	-78
-188	-20	-78
-189	0	-74
-189	0	-74
-189	0	-74
-189	0	-74
-191	18	-75
-191	18	-75
-191	18	-75
-191	18	-75
-191	18	-75
-191	18	-75
-191	18	-75
-185	67	-75
-163	138	-80
-156	153	-86
-153	157	-83
-148	170	-87
-148	170	-87
-140	181	-88
-136	188	-90
-131	197	-91
-120	208	-94
-120	208	-94
-118	213	-93
-106	232	-93
-106	232	-93
-95	249	-96
-85	262	-95
-85	262	-95
-71	271	-99
-71	271	-99
-54	287	-96
-42	296	-97
-36	302	-103
-32	306	-103
-32	306	-103
-11	309	-111
-11	309	-111
-4	313	-111
-4	313	-111
5	325	-110
18	332	-110
18	332	-110
31	342	-110
43	343	-110
53	341	-112
68	350	-112
73	354	-109
83	355	-112
83	355	-112
102	354	-114
105	354	-113
105	354	-113
119	358	-114
128	359	-113
128	359	-113
140	357	-114
161	354	-114
184	348	-119
184	347	-116
184	347	-116
214	339	-119
214	339	-119
236	333	-115
238	335	-119
238	335	-119
240	342	-110
240	342	-110
236	342	-113
227	346	-112
227	346	-112
222	348	-110
222	348	-110
219	349	-111
219	349	-111
220	350	-111
220	350	-111
222	350	-109
223	349	-111
221	350	-110
221	349	-113
221	349	-113
223	351	-110
223	351	-110
223	351	-110
241	343	-109
245	342	-112
248	340	-109
248	340	-109
248	340	-108
261	330	-106
261	330	-106
285	322	-106
285	322	-106
285	322	-106
290	321	-107
294	318	-109
308	310	-108
310	307	-107
310	307	-107
321	300	-106
321	300	-106
331	293	-108
343	282	-108
343	282	-108
352	274	-107
354	271	-105
359	268	-105
369	256	-104
374	251	-106
374	251	-106
378	245	-107
378	245	-107
387	235	-105
387	235	-105
393	226	-104
397	220	-106
402	211	-105
402	211	-105
412	195	-106
412	195	-106
419	183	-105
429	166	-104
429	166	-104
437	146	-104
437	146	-104
444	119	-107
444	119	-107
454	91	-103
457	85	-107
457	85	-107
460	65	-105
461	52	-105
463	38	-106
463	38	-106
465	19	-106
465	19	-106
464	-6	-106
463	-31	-102
463	-31	-102
458	-61	-106
458	-61	-106
450	-88	-105
448	-96	-105
448	-96	-105
439	-121	-106
430	-141	-104
430	-141	-104
423	-155	-106
423	-155	-106
423	-160	-103
423	-160	-103
427	-161	-103
438	-130	-105
441	-123	-106
446	-110	-103
446	-110	-103
455	-85	-104
455	-85	-104
460	-64	-106
465	-40	-104
466	-24	-103
466	-24	-103
466	4	-106
466	4	-106
467	23	-106
467	23	-106
463	55	-106
463	55	-106
460	73	-107
456	84	-110
456	84	-110
451	99	-110
451	99	-110
444	120	-111
444	120	-111
435	146	-112
435	146	-112
423	169	-108
423	169	-108
397	211	-113
397	211	-113
387	224	-112
387	224	-112
366	247	-113
344	266	-109
344	266	-109
323	285	-114
323	285	-114
295	314	-101
295	314	-101
270	328	-107
270	328	-107
242	342	-108
212	352	-107
212	352	-107
181	358	-107
181	358	-107
153	363	-106
153	363	-106
122	365	-106
103	365	-105
94	367	-103
58	363	-104
58	363	-104
38	358	-103
19	353	-104
-6	346	-103
-22	339	-104
-22	339	-104
-52	326	-102
-52	326	-102
-75	312	-103
-82	307	-101
-96	296	-101
-108	287	-102
-123	276	-102
-123	276	-102
-144	254	-101
-144	254	-101
-154	242	-102
-161	236	-101
-166	228	-100
-166	228	-100
-175	217	-102
-181	205	-100
-189	196	-100
-196	177	-99
-196	177	-99
-205	161	-101
-205	161	-101
-212	143	-101
-212	143	-101
-217	127	-101
-218	117	-99
-221	113	-96
-224	108	-101
-227	105	-99
-228	95	-97
-229	83	-100
-230	72	-101
-231	63	-100
-230	54	-102
-231	46	-100
-231	46	-100
-233	29	-102
-230	11	-101
-231	6	-101
-231	-3	-102
-231	-3	-102
-228	-16	-103
-227	-29	-103
-226	-36	-103
-226	-36	-103
-225	-38	-103
-224	-39	-103
-224	-39	-103
-224	-39	-103
-221	-49	-103
-218	-59	-103
-218	-59	-103
-216	-67	-104
-216	-67	-104
-213	-75	-101
-213	-75	-101
-213	-81	-101
-212	-83	-104
-212	-83	-104
-210	-86	-104
-210	-86	-104
-208	-92	-104
-208	-92	-104
-206	-94	-103
-207	-95	-104
-207	-95	-104
-206	-95	-103
-206	-95	-102
-207	-91	-104
-207	-91	-104
-209	-87	-105
-209	-87	-105
-205	-97	-104
-205	-97	-104
-197	-116	-106
-180	-146	-105
-180	-146	-105
-174	-154	-107
-174	-154	-107
-162	-171	-106
-158	-177	-108
-149	-190	-109
-134	-204	-110
-134	-204	-110
-125	-212	-113
-125	-212	-113
-115	-220	-115
-115	-220	-115
-104	-230	-117
-100	-231	-116
-100	-231	-116
-94	-237	-120
-86	-242	-123
-81	-245	-123
-72	-252	-126
-72	-252	-126
-55	-261	-131
-31	-277	-141
-31	-277	-141
3	-298	-147
3	-298	-147
42	-325	-148
83	-346	-142
83	-346	-142
138	-352	-132
138	-352	-132
195	-348	-120
248	-332	-113
248	-332	-113
293	-311	-108
293	-311	-108
340	-284	-104
340	-284	-104
382	-237	-104
382	-237	-104
418	-188	-104
437	-166	-98
441	-157	-101
441	-157	-101
451	-128	-102
451	-128	-102
464	-72	-107
467	-61	-107
468	-40	-107
468	-40	-107
472	-26	-106
472	-26	-106
473	-13	-107
473	-11	-104
473	-27	-106
473	-27	-106
472	-39	-107
472	-39	-107
472	-47	-105
472	-47	-105
468	-53	-109
468	-53	-109
467	-60	-108
467	-60	-108
468	-62	-107
467	-67	-106
467	-67	-106
467	-66	-106
464	-66	-108
464	-66	-108
466	-69	-108
467	-69	-106
467	-69	-106
468	-75	-102
468	-75	-102
468	-63	-106
472	-36	-106
472	-36	-106
473	7	-109
473	7	-109
468	49	-113
468	49	-113
460	93	-111
455	109	-111
440	165	-107
429	175	-113
420	195	-108
412	206	-110
390	235	-109
390	235	-109
368	255	-113
368	255	-113
347	274	-115
310	302	-114
301	307	-113
281	319	-115
277	322	-112
261	328	-115
255	330	-113
236	338	-116
236	338	-116
218	344	-112
218	344	-112
213	346	-117
211	346	-117
211	346	-117
218	346	-117
221	345	-114
221	345	-114
220	346	-113
220	346	-113
221	353	-110
221	353	-110
224	353	-109
222	346	-111
222	345	-108
220	355	-107
220	355	-107
222	354	-104
222	354	-104
223	355	-105
223	355	-105
225	353	-107
225	353	-107
224	353	-105
224	353	-105
231	352	-104
231	352	-104
230	350	-107
230	352	-103
230	351	-105
230	351	-105
230	352	-106
230	352	-106
227	352	-107
227	352	-107
228	351	-107
232	351	-107
232	350	-105
232	349	-105
233	350	-104
233	350	-104
232	350	-105
232	350	-105
229	350	-105
230	349	-106
227	348	-107
227	347	-107
227	347	-107
228	349	-108
230	348	-106
230	348	-106
229	348	-105
229	347	-107
229	347	-107
226	349	-108
228	348	-105
226	350	-109
230	348	-106
234	346	-108
234	346	-108
236	345	-108
235	347	-107
235	347	-107
232	347	-108
232	347	-108
231	349	-104
231	349	-104
229	350	-106
229	349	-105
229	349	-105
229	352	-103
229	352	-103
226	354	-101
226	354	-101
226	355	-99
226	355	-99
225	366	-92
224	372	-91
224	372	-91
225	383	-83
225	383	-83
225	393	-75
227	406	-62
227	406	-62
228	419	-53
228	419	-53
228	435	-41
228	435	-41
230	443	-30
230	443	-30
229	455	-17
230	463	-13
229	468	-8
229	472	-5
229	472	-5
229	480	4
229	488	12
229	488	12
227	490	15
227	493	21
226	497	23
226	499	27
225	501	29
226	502	33
226	502	33
226	508	41
225	514	45
225	514	45
227	523	61
227	523	61
226	527	66
226	527	66
226	532	70
226	532	70
224	533	75
224	533	75
220	534	73
218	538	79
218	538	84
218	539	84
217	541	87
218	541	86
218	541	86
218	542	87
222	548	105
222	548	105
223	551	105
224	551	105
224	551	105
227	548	100
226	547	100
226	547	100
226	550	102
225	551	105
222	554	109
222	554	109
217	557	114
217	557	114
216	561	122
217	562	125
214	562	124
213	562	126
213	562	126
210	563	129
210	563	129
211	564	128
211	565	129
211	565	129
215	566	131
215	566	131
209	567	137
209	567	137
202	577	151
202	576	155
202	576	155
204	579	162
204	579	162
212	581	175
212	581	175
217	584	185
217	584	185
220	588	200
223	593	218
223	593	218
222	600	236
222	600	236
223	604	269
223	604	269
226	607	294
226	607	294
230	606	334
230	606	334
229	605	370
229	605	370
233	599	416
233	599	416
236	589	459
236	589	459
234	581	486
234	581	486
229	566	526
229	566	526
221	531	596
221	531	596
220	513	623
220	513	623
213	497	645
211	485	660
210	474	672
212	469	680
216	462	681
216	462	681
215	462	683
220	445	699
220	445	699
218	428	715
218	428	715
223	421	717
221	417	723
221	417	723
209	412	730
209	412	730
200	407	735
200	407	735
208	403	737
208	403	737
216	393	743
216	393	743
210	383	752
204	372	764
200	367	766
198	358	770
199	355	773
199	355	773
204	350	777
204	343	780
195	332	789
185	304	804
185	304	804
183	285	811
183	285	811
178	259	825
178	259	825
173	230	841
173	207	845
176	202	845
176	187	851
176	187	851
176	168	853
176	168	853
194	135	857
194	135	857
208	111	860
220	99	857
226	92	862
226	92	862
228	60	861
225	16	861
225	16	861
227	-45	861
227	-45	861
227	-45	861
228	-95	852
229	-175	834
229	-175	834
231	-242	809
231	-242	809
222	-279	791
222	-279	791
217	-322	768
217	-322	768
218	-359	743
221	-371	739
221	-371	739
231	-417	693
231	-426	681
234	-442	664
234	-442	664
230	-473	625
230	-473	625
232	-481	612
243	-507	567
244	-514	554
244	-514	554
244	-526	531
242	-543	486
242	-543	486
233	-557	439
233	-557	439
229	-563	407
229	-563	407
226	-569	370
226	-569	370
209	-571	323
210	-570	294
210	-570	294
214	-565	274
214	-565	274
223	-562	250
226	-554	215
226	-552	207
226	-552	207
219	-542	178
224	-528	149
224	-528	149
220	-514	113
220	-514	113
219	-502	93
214	-492	70
209	-479	53
209	-479	53
200	-465	29
197	-461	24
188	-450	8
186	-430	-14
186	-430	-14
195	-404	-39
195	-404	-39
199	-373	-66
199	-373	-66
198	-321	-102
198	-307	-109
198	-307	-109
201	-259	-136
201	-259	-136
210	-195	-163
210	-195	-163
208	-143	-176
211	-96	-190
214	-61	-194
214	-61	-194
232	55	-195
232	55	-195
232	118	-191
236	207	-172
241	257	-155
240	306	-130
240	306	-130
240	306	-130
234	362	-103
226	405	-75
222	414	-69
222	414	-69
210	436	-55
192	465	-29
192	465	-29
192	465	-29
186	480	-18
186	480	-18
187	471	-28
187	471	-28
190	472	-26
190	472	-26
194	467	-33
212	438	-58
212	438	-58
231	410	-76
242	372	-102
243	351	-117
243	351	-117
242	265	-158
242	265	-158
245	178	-183
246	164	-187
247	145	-190
247	145	-190
265	128	-191
265	128	-191
292	141	-182
292	141	-182
327	161	-168
349	170	-159
349	170	-159
379	175	-141
402	179	-134
412	177	-129
412	177	-129
438	173	-114
438	173	-114
458	175	-103
469	151	-101
469	139	-105
469	134	-106
469	134	-106
471	118	-109
471	118	-109
482	104	-103
489	70	-103
490	59	-103
493	24	-102
493	24	-102
490	-43	-100
490	-43	-100
487	-129	-84
487	-129	-84
485	-174	-70
485	-174	-70
481	-231	-46
481	-272	-16
481	-272	-16
483	-305	8
483	-305	8
486	-336	37
486	-336	37
478	-363	58
478	-363	58
487	-404	122
487	-419	152
490	-433	186
486	-445	209
482	-451	220
482	-451	220
467	-477	286
465	-479	295
465	-479	295
460	-483	330
460	-483	330
458	-484	369
458	-484	369
456	-485	374
454	-485	380
456	-487	389
461	-480	398
467	-472	404
471	-469	414
471	-469	414
468	-466	432
470	-461	448
470	-461	448
470	-458	456
470	-458	456
472	-448	483
472	-448	483
478	-417	537
474	-412	557
468	-407	564
468	-407	564
459	-379	616
453	-324	672
450	-298	690
445	-248	729
434	-152	776
432	-120	787
434	-16	802
434	-16	802
434	-16	802
441	84	793
441	84	793
450	204	764
454	258	732
454	258	732
455	301	708
455	301	708
458	372	656
458	388	643
462	402	623
462	402	623
471	432	578
468	461	535
468	461	535
459	490	497
459	490	497
448	509	462
442	522	431
442	522	431
440	529	396
440	529	396
451	529	354
452	528	356
452	528	356
459	523	349
455	526	321
451	529	306
451	528	300
451	528	300
446	528	269
446	528	269
440	527	243
440	527	243
427	526	205
427	526	205
416	524	180
418	522	178
422	509	156
422	509	156
416	500	126
416	500	126
420	492	121
420	492	121
427	485	117
430	479	108
427	477	102
427	477	102
428	479	105
428	479	105
440	461	92
440	461	92
463	424	69
478	370	29
478	370	29
477	292	-36
477	292	-36
474	209	-78
474	209	-78
483	82	-101
489	37	-101
485	-17	-103
479	-30	-106
471	-50	-108
471	-50	-108
471	-71	-103
468	-77	-105
466	-100	-102
462	-112	-100
462	-120	-97
462	-120	-97
456	-152	-95
456	-152	-95
455	-163	-91
455	-163	-91
453	-168	-92
457	-161	-92
458	-151	-96
458	-151	-96
465	-123	-98
466	-110	-102
466	-110	-102
465	-76	-109
455	-50	-119
455	-50	-119
451	-3	-126
450	55	-127
458	83	-117
458	83	-117
441	98	-126
441	98	-126
432	137	-125
432	137	-125
412	163	-131
386	211	-130
386	211	-130
347	263	-128
347	263	-128
314	305	-125
314	305	-125
268	330	-123
247	339	-123
247	339	-123
219	347	-121
180	348	-128
180	348	-128
150	339	-136
108	341	-136
108	341	-136
81	340	-133
81	340	-133
55	335	-133
28	336	-125
28	336	-125
0	324	-128
0	322	-132
23	321	-134
23	321	-134
22	325	-133
12	317	-138
12	317	-138
1	314	-135
1	314	-135
-16	321	-124
-25	329	-119
-25	329	-119
-33	340	-114
-42	349	-107
-42	349	-107
-48	357	-99
-48	357	-99
-67	371	-87
-82	380	-70
-96	396	-55
-96	396	-55
-94	426	-31
-91	446	-13
-91	446	-13
-93	473	16
-93	473	16
-95	523	79
-83	552	123
-83	552	123
-81	574	168
-80	589	214
-86	591	228
-86	591	228
-89	598	264
-74	607	304
-61	612	343
-60	610	390
-53	607	427
-53	607	427
-54	588	497
-54	588	497
-53	573	536
-73	554	564
-90	536	589
-90	536	589
-94	516	618
-94	516	618
-85	492	653
-85	492	653
-94	465	679
-94	465	679
-117	438	695
-128	408	716
-128	408	716
-124	378	745
-124	378	745
-130	333	768
-130	333	768
-136	318	775
-141	291	786
-141	291	786
-140	255	803
-135	204	821
-135	204	821
-154	159	826
-175	101	823
-192	72	823
-204	44	818
-225	-21	806
-225	-21	806
-212	-109	801
-212	-109	801
-212	-189	772
-212	-189	772
-218	-281	723
-218	-281	723
-205	-344	684
-205	-344	684
-186	-402	639
-186	-402	639
-171	-466	556
-167	-480	534
-169	-499	480
-176	-514	374
-176	-514	374
-183	-510	329
-183	-510	329
-195	-458	155
-195	-458	155
-197	-422	94
-197	-422	94
-193	-300	-30
-189	-270	-52
-189	-270	-52
-181	-177	-101
-181	-177	-101
-184	-86	-125
-184	-86	-125
-184	-9	-134
-180	47	-141
-178	77	-139
-179	150	-127
-179	150	-127
-185	205	-114
-186	239	-100
-186	239	-100
-187	265	-89
-187	265	-89
-184	284	-81
-184	284	-81
-181	268	-93
-180	239	-100
-180	239	-100
-196	182	-113
-196	182	-113
-192	-10	-132
-191	-103	-119
-191	-103	-119
-190	-233	-73
-166	-345	-14
-166	-345	-14
-148	-430	65
-148	-430	65
-129	-490	145
-130	-512	203
-126	-533	279
-126	-533	279
-136	-532	402
-130	-510	503
-130	-510	503
-84	-489	589
6	-450	676
6	-450	676
142	-375	752
142	-375	752
283	-296	773
347	-245	775
347	-245	775
382	-188	784
451	-100	770
472	-83	755
521	-31	724
544	21	705
544	21	705
573	95	667
599	122	634
599	122	634
626	172	569
631	190	551
633	245	501
633	273	468
633	273	468
629	311	401
624	326	386
624	326	386
614	349	353
610	353	337
610	353	337
613	346	311
613	346	311
622	327	290
622	316	245
622	314	240
622	314	240
624	309	230
624	309	230
620	314	223
612	336	247
607	342	256
604	358	293
603	361	323
606	356	360
604	348	407
604	334	450
603	324	467
603	324	467
612	281	512
612	281	512
605	239	565
599	188	607
599	188	607
600	113	633
593	67	656
593	67	656
590	44	660
585	-8	665
585	-8	665
590	-63	654
590	-63	654
595	-108	635
595	-108	635
597	-152	614
597	-152	614
597	-188	595
605	-211	566
612	-228	542
616	-237	531
621	-249	497
621	-249	497
635	-259	441
635	-259	441
639	-261	414
641	-264	399
639	-271	393
638	-275	380
639	-275	357
639	-275	357
643	-271	310
641	-272	296
641	-272	296
639	-271	276
639	-268	256
639	-268	256
634	-272	238
631	-273	231
630	-271	220
628	-266	202
628	-266	202
630	-261	198
629	-251	182
629	-251	182
628	-227	151
629	-219	142
622	-208	119
602	-209	84
602	-209	84
594	-216	85
603	-186	76
603	-186	76
604	-173	67
579	-152	23
569	-141	8
558	-111	-14
561	-82	-19
566	-74	-16
577	-56	-4
577	-56	-4
573	-43	-11
573	-11	-14
578	17	-10
574	30	-15
574	30	-15
568	61	-21
574	100	-6
580	123	9
583	154	20
587	168	31
604	205	74
609	219	91
609	219	91
614	256	131
617	277	161
616	283	166
616	283	166
613	295	168
607	308	173
605	319	185
605	319	185
602	335	207
602	335	207
598	338	203
598	338	203
599	335	203
594	318	160
592	308	143
590	288	116
587	279	99
561	229	29
561	229	29
545	159	-21
543	120	-34
543	120	-34
524	56	-59
515	2	-69
514	-20	-69
525	-56	-56
528	-92	-46
528	-92	-46
536	-147	-23
548	-225	27
553	-249	50
567	-289	103
573	-302	122
573	-302	122
585	-334	194
585	-345	230
589	-350	246
597	-349	283
603	-342	285
603	-342	285
604	-344	311
608	-343	339
607	-340	343
612	-338	359
612	-338	359
609	-331	401
610	-311	454
605	-289	501
602	-276	532
593	-261	566
563	-221	640
552	-146	684
552	-146	684
555	-93	696
555	-93	696
559	-40	703
559	19	708
559	19	708
561	52	699
561	57	702
557	69	707
557	69	707
561	104	697
561	104	697
568	132	681
580	152	660
580	152	660
579	192	646
573	203	653
558	231	652
559	243	646
558	284	621
558	284	621
544	364	566
548	392	510
548	392	510
569	405	433
580	399	401
587	394	393
583	397	385
583	402	378
578	407	359
576	411	360
570	417	356
577	405	362
577	405	362
594	382	373
594	382	373
595	380	379
595	380	379
591	381	400
591	381	400
601	358	423
639	288	430
639	288	430
673	214	420
673	214	420
694	109	429
701	56	436
697	-15	450
697	-15	450
672	-141	469
672	-141	469
635	-244	465
635	-244	465
599	-306	456
510	-419	439
488	-442	432
462	-466	423
462	-466	423
417	-498	412
417	-498	412
399	-507	413
399	-507	413
384	-516	409
384	-516	409
336	-537	420
314	-540	442
314	-540	442
320	-540	439
320	-540	439
297	-548	440
293	-551	445
274	-554	443
274	-554	443
255	-564	434
249	-563	432
216	-565	451
155	-568	479
94	-565	495
42	-564	489
42	-564	489
-64	-534	511
-91	-522	520
-91	-522	520
-160	-491	522
-160	-491	522
-229	-452	516
-282	-403	532
-331	-346	548
-349	-318	550
-406	-226	547
-406	-226	547
-406	-226	547
-449	-102	553
-455	-59	552
-458	-59	552
-458	-59	552
-466	7	543
-467	47	539
-465	114	527
-465	114	527
-458	169	518
-445	223	504
-445	223	504
-414	301	493
-381	359	489
-364	384	486
-364	384	486
-206	534	455
-101	589	422
-101	589	422
-24	615	388
-21	614	391
-13	616	390
9	619	388
9	619	388
71	626	373
108	628	357
108	628	357
125	627	355
128	625	356
128	625	356
147	625	360
147	625	360
169	623	368
169	623	368
182	621	368
220	615	363
220	615	363
241	609	355
241	609	355
274	599	365
274	599	365
313	584	388
313	584	388
370	550	430
408	525	449
408	525	449
448	493	467
448	493	467
479	464	476
504	441	469
504	441	469
528	411	483
528	411	483
548	389	486
548	389	486
549	394	473
549	394	473
534	422	455
500	464	422
500	464	422
442	520	384
357	573	347
357	573	347
295	596	317
192	623	319
155	628	332
91	632	367
61	628	371
61	628	371
-20	619	357
-94	601	362
-94	601	362
-211	545	395
-211	545	395
-303	476	408
-303	476	408
-402	353	436
-473	190	456
-484	130	467
-484	130	467
-484	-45	490
-484	-45	490
-436	-214	499
-325	-375	518
-325	-375	518
-210	-468	529
-210	-468	529
-210	-468	529
-58	-542	541
110	-550	548
110	-550	548
225	-537	549
345	-501	543
382	-483	543
414	-466	543
471	-426	537
471	-426	537
554	-355	519
580	-331	505
580	-331	505
616	-290	484
626	-264	466
654	-243	445
660	-232	445
660	-232	445
672	-197	447
686	-145	448
686	-145	448
701	-106	434
701	-106	434
713	-46	427
713	-46	427
721	9	407
720	25	402
719	47	412
714	76	430
714	76	430
706	122	441
700	143	444
699	153	447
699	153	447
687	175	457
672	207	477
665	218	489
665	218	489
633	279	504
581	341	538
570	347	547
570	347	547
556	375	539
540	395	538
540	395	538
537	414	511
537	414	511
548	419	479
552	420	467
552	420	467
545	439	445
540	449	420
542	455	383
543	456	370
544	456	365
548	451	361
555	449	328
555	449	328
553	447	286
553	447	286
546	438	217
546	438	217
530	433	154
530	433	154
493	432	95
440	422	25
405	419	-9
355	409	-48
322	405	-67
322	405	-67
264	396	-91
206	383	-113
206	383	-113
165	378	-121
165	378	-121
133	371	-128
133	371	-128
112	365	-132
119	358	-137
137	346	-142
137	346	-142
166	346	-136
183	347	-138
190	349	-137
190	349	-137
215	352	-129
231	364	-119
231	364	-119
238	361	-121
238	361	-121
243	362	-119
248	362	-116
252	362	-115
254	359	-117
254	359	-117
256	352	-118
263	357	-115
282	359	-110
289	352	-106
289	352	-106
315	341	-105
319	344	-105
326	345	-100
326	345	-100
330	348	-97
329	346	-96
322	349	-100
300	357	-103
300	357	-103
256	356	-119
256	356	-119
203	347	-130
203	347	-130
136	341	-141
46	337	-137
46	337	-137
-57	337	-109
-57	337	-109
-134	336	-86
-134	336	-86
-188	329	-59
-188	329	-59
-261	324	-8
-312	316	38
-312	316	38
-349	314	75
-349	314	75
-362	323	108
-362	323	108
-362	323	108
-355	333	111
-345	337	89
-345	337	89
-336	323	68
-341	319	69
-344	316	75
-347	323	86
-347	323	86
-354	328	102
-365	340	136
-373	340	143
-375	338	151
-376	341	153
-376	341	152
-383	337	166
-392	337	190
-397	337	201
-398	341	207
-396	354	231
-396	354	231
-398	357	256
-398	357	256
-408	358	360
-408	358	360
-406	355	397
-404	354	416
-395	345	481
-395	345	481
-382	335	531
-382	335	531
-358	315	596
-358	315	596
-332	297	641
-321	292	658
-321	292	658
-287	272	705
-246	256	741
-246	256	741
-191	270	766
-191	270	766
-165	292	766
-117	315	776
-117	315	776
-81	326	782
-40	344	781
-40	344	781
0	372	770
0	372	770
49	388	763
49	388	763
120	387	762
120	387	762
171	379	760
186	380	758
186	380	758
209	377	754
231	371	750
234	373	746
234	373	746
257	360	749
257	360	749
257	360	749
274	357	748
274	357	748
291	358	736
296	365	728
296	365	728
303	368	720
307	369	722
315	367	715
315	367	715
328	361	717
328	361	717
324	356	717
324	356	717
300	357	727
300	357	727
280	353	738
280	353	738
246	354	749
246	354	749
193	358	761
131	366	769
131	366	769
94	374	765
15	389	752
-12	398	740
-12	398	740
-89	420	702
-89	420	702
-189	423	648
-222	425	623
-222	425	623
-269	421	577
-288	419	559
-322	412	510
-322	412	510
-357	400	436
-357	400	436
-383	380	361
-391	368	315
-390	357	262
-377	343	188
-369	341	164
-369	341	164
-336	334	97
-322	334	78
-286	326	33
-214	305	-44
-214	305	-44
-104	301	-101
-104	301	-101
7	299	-135
133	286	-148
133	286	-148
192	283	-149
192	283	-149
311	263	-126
398	256	-94
398	256	-94
485	254	-36
513	250	-11
513	250	-11
609	232	99
609	232	99
636	217	144
666	199	220
666	199	220
679	188	276
679	188	276
677	199	362
677	199	362
663	196	444
646	206	488
600	237	554
589	243	575
559	254	604
521	264	643
521	264	643
461	289	684
327	339	735
327	339	735
183	367	759
183	367	759
119	372	763
119	372	763
96	388	755
96	388	755
74	385	755
67	383	759
67	383	759
57	388	750
57	388	750
54	394	746
54	394	746
39	389	748
39	389	748
15	362	764
16	335	780
16	334	779
6	349	766
6	349	766
-5	368	753
-11	363	757
-23	363	754
-23	363	754
-57	372	737
-86	389	714
-86	389	714
-126	410	679
-136	419	666
-136	419	666
-161	434	635
-202	452	580
-227	460	543
-234	463	527
-234	463	527
-263	472	458
-263	472	458
-293	463	382
-316	444	295
-308	437	232
-308	437	232
-296	435	197
-296	435	197
-279	419	140
-279	419	140
-251	407	86
-220	413	62
-220	413	62
-197	415	41
-197	415	41
-189	420	39
-183	427	43
-183	427	43
-198	431	61
-198	431	61
-225	428	79
-225	428	79
-257	425	120
-257	425	120
-293	425	171
-313	444	274
-313	444	274
-306	456	384
-306	456	384
-287	457	453
-232	453	554
-204	443	596
-204	443	596
-119	414	674
-119	414	674
-34	416	702
-34	416	702
58	398	730
158	375	743
158	375	743
255	354	738
255	354	738
341	342	707
341	342	707
413	361	650
479	379	567
503	376	539
551	351	487
579	332	452
579	332	452
615	296	400
615	296	400
643	252	355
643	252	355
657	217	344
657	217	344
674	167	341
674	167	341
680	129	359
682	122	364
682	122	364
682	117	386
682	113	388
681	100	404
681	100	404
678	82	440
666	108	465
666	108	465
659	138	472
659	138	472
643	179	489
638	185	501
638	185	501
625	197	521
625	197	521
619	164	561
619	164	561
606	154	583
600	137	601
596	127	607
585	121	631
585	121	631
575	123	642
553	146	664
546	162	666
546	162	666
561	184	642
581	173	616
581	173	616
639	145	532
639	145	532
676	113	439
680	92	392
689	88	361
689	88	361
687	100	288
687	100	288
670	117	202
636	138	122
636	138	122
609	137	73
609	137	73
561	146	9
561	146	9
509	164	-39
440	183	-87
440	183	-87
393	180	-116
342	163	-141
342	163	-141
307	156	-157
307	156	-157
232	155	-174
232	155	-174
152	166	-181
61	173	-178
61	173	-178
-89	172	-147
-89	172	-147
-192	195	-94
-223	213	-68
-223	213	-68
-236	213	-61
-236	213	-61
-251	216	-49
-302	205	-10
-316	204	7
-316	204	7
-370	191	61
-410	175	115
-410	175	115
-425	168	143
-424	161	137
-424	161	137
-398	178	94
-398	178	94
-379	185	70
-380	185	76
-380	185	76
-390	186	94
-390	186	94
-408	187	121
-415	178	132
-414	165	116
-412	167	118
-412	167	118
-417	164	119
-417	164	119
-413	169	121
-413	169	121
-402	174	104
-402	174	104
-396	144	82
-392	127	70
-392	127	70
-392	119	67
-400	103	82
-400	103	82
-419	90	105
-457	71	182
-457	71	182
-485	84	291
-485	84	291
-485	124	374
-485	124	374
-464	152	476
-436	158	548
-436	158	548
-436	158	548
-379	165	646
-379	165	646
-289	145	742
-289	145	742
-155	122	825
-155	122	825
-17	87	864
21	82	871
21	82	871
146	66	874
285	44	848
285	44	848
365	32	816
365	32	816
444	34	773
444	34	773
503	40	729
503	40	729
571	54	660
589	57	640
615	54	602
646	52	553
646	52	553
667	60	495
684	81	438
684	81	438
684	112	402
684	112	402
681	131	399
681	131	399
682	132	406
682	132	406
678	129	417
659	124	497
659	124	497
595	107	628
595	107	628
497	106	727
497	106	727
391	114	797
250	134	849
250	134	849
119	188	855
81	199	855
-35	234	831
-35	234	831
-148	267	786
-148	267	786
-266	298	693
-322	298	639
-345	294	612
-401	277	536
-410	270	519
-422	259	502
-449	256	362
-449	256	362
-435	239	210
-435	239	210
-406	194	116
-406	194	116
-353	177	-3
-257	182	-58
-257	182	-58
-239	195	-71
-197	206	-95
-197	206	-95
-140	209	-120
-140	209	-120
-82	215	-144
-50	227	-147
-50	227	-147
-20	239	-154
-20	239	-154
3	234	-162
37	207	-174
46	190	-177
54	162	-185
55	153	-186
55	153	-186
61	176	-182
58	184	-179
69	204	-171
69	204	-171
90	179	-184
90	179	-184
123	159	-192
131	173	-188
142	183	-184
142	183	-184
158	204	-178
168	231	-168
168	231	-168
185	269	-152
208	276	-143
208	276	-143
222	277	-140
238	282	-139
246	285	-133
246	285	-133
265	288	-127
286	282	-127
291	284	-123
291	284	-123
287	304	-118
287	304	-118
250	305	-125
250	305	-125
221	314	-128
199	331	-125
199	331	-125
191	348	-114
211	351	-110
211	351	-110
228	344	-107
244	347	-104
244	347	-104
253	348	-104
269	335	-105
304	326	-97
304	326	-97
395	304	-67
476	283	-24
520	275	11
542	268	37
564	262	57
574	257	72
574	257	72
603	259	133
613	261	153
613	261	153
631	255	201
640	258	248
643	255	263
650	247	310
650	247	310
643	222	445
627	214	500
603	220	542
574	231	581
539	244	622
504	270	644
488	282	655
453	304	671
419	318	689
391	329	701
378	337	704
363	346	702
316	362	716
316	362	716
273	398	709
273	398	709
214	423	710
171	430	713
171	430	713
102	428	721
32	438	710
32	438	710
-65	446	683
-132	438	661
-176	440	632
-189	443	619
-216	450	586
-241	450	558
-241	450	558
-281	438	519
-339	410	444
-339	410	444
-360	393	395
-360	393	395
-365	391	376
-365	391	376
-370	385	336
-371	381	316
-358	384	254
-353	385	237
-339	377	183
-339	377	183
-324	367	140
-324	367	140
-273	360	63
-194	364	-6
-170	366	-18
-141	374	-31
-104	375	-46
-47	371	-72
-18	368	-82
32	357	-98
51	354	-105
108	350	-109
108	350	-109
151	354	-107
151	354	-107
196	373	-86
208	377	-80
208	377	-80
238	386	-71
238	386	-71
281	375	-64
275	373	-69
275	373	-69
239	371	-80
239	371	-80
188	371	-90
188	371	-90
93	385	-85
-27	408	-50
-83	411	-25
-83	411	-25
-148	419	16
-148	419	16
-214	442	99
-214	442	99
-268	453	191
-291	462	280
-291	462	280
-284	471	375
-284	471	375
-256	469	490
-251	462	511
-251	462	511
-213	452	579
-213	452	579
-168	438	632
-134	425	666
-134	425	666
-84	425	688
-84	425	688
-46	412	712
-46	412	712
-20	387	739
-20	387	739
25	366	760
92	338	772
92	338	772
151	309	791
167	309	788
167	309	788
219	291	788
235	275	794
245	255	802
245	255	802
258	200	815
298	172	808
298	172	808
388	156	772
388	156	772
481	162	687
481	162	687
567	202	602
567	202	602
592	208	554
639	217	428
639	217	428
646	219	398
647	234	323
632	261	253
610	284	199
577	313	150
577	313	150
544	322	98
544	322	98
544	322	98
527	315	69
527	315	69
518	328	58
489	349	48
489	349	48
484	360	50
484	360	50
490	366	63
490	366	63
496	362	63
479	357	37
479	357	37
456	328	-9
456	328	-9
455	324	-15
442	325	-23
434	333	-21
397	354	-34
361	362	-54
321	361	-69
302	352	-88
302	352	-88
274	335	-105
244	317	-121
244	317	-121
221	295	-139
221	295	-139
216	264	-153
226	228	-167
238	141	-186
238	141	-186
245	98	-191
245	98	-191
242	100	-189
242	100	-189
251	137	-183
251	137	-183
258	164	-177
273	195	-169
276	208	-163
276	208	-163
286	238	-154
286	238	-154
279	286	-133
266	319	-121
266	319	-121
259	339	-114
259	339	-114
247	350	-111
217	370	-103
217	370	-103
194	382	-102
196	377	-103
198	373	-105
198	373	-105
199	367	-110
200	367	-108
200	367	-108
198	368	-109
198	368	-109
199	365	-109
205	359	-111
205	359	-111
207	358	-114
207	358	-114
210	358	-113
208	358	-113
208	358	-113
208	358	-113
209	360	-113
209	360	-113
208	357	-111
209	358	-112
208	359	-111
208	359	-111
208	359	-111
208	360	-110
208	360	-110
209	361	-112
208	359	-109
208	359	-109
208	359	-109
208	360	-112
208	360	-112
207	361	-111
207	361	-111
208	360	-113
207	361	-111
207	361	-113
208	361	-109
208	361	-109
208	361	-110
208	361	-110
207	362	-111
207	362	-111
207	362	-113
207	362	-113
207	362	-113
206	361	-109
207	361	-110
206	363	-111
206	363	-111
205	361	-111
205	361	-111
207	363	-110
208	363	-109
208	363	-109
207	363	-111
207	363	-111
205	363	-112
205	363	-112
206	362	-111
206	361	-109
206	361	-109
206	361	-111
206	361	-111
206	362	-106
207	361	-109
207	361	-109
206	360	-111
206	362	-109
206	362	-109
206	362	-111
206	362	-111
205	361	-110
205	361	-110
207	362	-110
208	362	-111
208	362	-111
206	362	-108
206	362	-108
204	361	-109
204	361	-109
207	363	-110
207	363	-110
206	361	-110
206	361	-111
206	361	-111
206	361	-109
206	361	-109
208	362	-110
207	362	-110
207	362	-110
207	362	-108
207	362	-108
207	360	-107
207	360	-107
208	362	-110
207	362	-110
206	362	-111
206	362	-111
207	361	-109
206	360	-112
208	363	-108
208	363	-108
208	362	-107
208	362	-107
206	362	-109
206	362	-111
207	361	-110
208	362	-109
208	362	-109
207	361	-110
207	361	-110
208	360	-108
208	360	-108
208	360	-108
207	361	-109
207	361	-109
207	361	-109
207	361	-109
207	361	-109
207	361	-109
207	361	-109
207	361	-109
207	361	-109
207	362	-105
207	359	-109
208	361	-108
208	361	-108
207	363	-108
207	361	-110
208	361	-108
207	361	-110
207	361	-110
208	361	-110
208	361	-110
208	361	-110
208	361	-110
208	361	-110
208	361	-110
208	361	-110
208	361	-110
208	361	-110
208	361	-110
208	361	-110
208	361	-110
208	361	-110
208	361	-110
208	361	-110
208	361	-110
208	361	-110
208	361	-110
208	361	-110
208	361	-110
208	361	-110
208	361	-110
208	361	-110
208	361	-110
208	361	-110
208	361	-110
208	361	-110
208	361	-110
208	361	-110
208	361	-110
208	361	-110
208	361	-110
208	361	-110
208	361	-110
208	361	-110
208	361	-110
208	361	-110
208	361	-110
208	361	-110
208	361	-110
208	361	-110
208	361	-110
208	361	-110
208	361	-110
208	361	-110
208	361	-110
208	361	-110
208	361	-110
208	361	-110
208	361	-110
208	361	-110
208	361	-110
208	361	-110
208	361	-110
208	361	-110
208	361	-110
208	361	-110
208	361	-110
208	361	-110
208	361	-110
208	361	-110
208	361	-110
208	361	-110
208	361	-110
208	361	-110
208	361	-110
208	361	-110
208	361	-110
208	361	-110
208	361	-110
208	361	-110
208	361	-110
208	361	-110
208	361	-110
